Framenumber;Time [s];Video pixel (X) [px];Video pixel (Y) [px];X position [px];Y position [px];Distance [px];Distance in x-direction [px];Distance in y-direction [px];Length [px];Length in x-Direction [px];Length in y-Direction [px];Velocity [px/s];Velocity in x-direction [px/s];Velocity in y-direction [px/s];Acceleration [px/s²];Acceleration in x-Direction [px/s²];Acceleration in y-Direction [px/s²];
1;0.02;933;367;933;367;1;0;1;1;0;1;10;0;10;0;0;-200;
7;0.12;933;368;933;368;1;0;-1;2;0;0;10;0;-10;-100;0;100;
12;0.22;933;367;933;367;0;0;0;2;0;0;0;0;0;0;0;0;
17;0.32;933;367;933;367;0;0;0;2;0;0;0;0;0;100;100;0;
22;0.42;933;367;933;367;1;1;0;3;1;0;10;10;0;-100;-100;0;
27;0.52;934;367;934;367;0;0;0;3;1;0;0;0;0;100;0;-100;
32;0.62;934;367;934;367;1;0;-1;4;1;-1;10;0;-10;0;-100;100;
37;0.72;934;366;934;366;1;-1;0;5;0;-1;10;-10;0;-100;100;0;
42;0.82;933;366;933;366;0;0;0;5;0;-1;0;0;0;0;0;0;
47;0.92;933;366;933;366;0;0;0;5;0;-1;0;0;0;100;100;0;
52;1.02;933;366;933;366;1;1;0;6;1;-1;10;10;0;0;-200;0;
57;1.12;934;366;934;366;1;-1;0;7;0;-1;10;-10;0;41.42;200;100;
62;1.22;933;366;933;366;1.41;1;1;8.41;1;0;14.14;10;10;-41.42;-200;-100;
67;1.32;934;367;934;367;1;-1;0;9.41;0;0;10;-10;0;-100;100;0;
72;1.42;933;367;933;367;0;0;0;9.41;0;0;0;0;0;141.42;100;-100;
77;1.52;933;367;933;367;1.41;1;-1;10.83;1;-1;14.14;10;-10;-141.42;-100;100;
82;1.62;934;366;934;366;0;0;0;10.83;1;-1;0;0;0;100;0;100;
87;1.72;934;366;934;366;1;0;1;11.83;1;0;10;0;10;0;0;-200;
92;1.82;934;367;934;367;1;0;-1;12.83;1;-1;10;0;-10;-100;0;100;
97;1.92;934;366;934;366;0;0;0;12.83;1;-1;0;0;0;100;-100;0;
102;2.02;934;366;934;366;1;-1;0;13.83;0;-1;10;-10;0;0;200;0;
107;2.12;933;366;933;366;1;1;0;14.83;1;-1;10;10;0;0;0;0;
112;2.22;934;366;934;366;1;1;0;15.83;2;-1;10;10;0;0;-200;0;
117;2.32;935;366;935;366;1;-1;0;16.83;1;-1;10;-10;0;1650.71;1850;-50;
122;2.42;934;366;934;366;35.01;35;-1;51.84;36;-2;175.07;175;-5;224.64;225;25;
132;2.62;969;365;969;365;22;22;0;73.84;58;-2;220;220;0;-100;-100;0;
137;2.72;991;365;991;365;21;21;0;94.84;79;-2;210;210;0;-97.5;-100;-100;
142;2.82;1012;365;1012;365;20.02;20;-1;114.87;99;-3;200.25;200;-10;-99.87;-100;200;
147;2.92;1032;364;1032;364;19.03;19;1;133.89;118;-2;190.26;190;10;99.87;100;-200;
152;3.02;1051;365;1051;365;20.02;20;-1;153.92;138;-3;200.25;200;-10;-402.5;-400;100;
157;3.12;1071;364;1071;364;16;16;0;169.92;154;-3;160;160;0;0;0;0;
162;3.22;1087;364;1087;364;16;16;0;185.92;170;-3;160;160;0;0;0;0;
167;3.32;1103;364;1103;364;16;16;0;201.92;186;-3;160;160;0;-200;-200;0;
172;3.42;1119;364;1119;364;14;14;0;215.92;200;-3;140;140;0;0;0;0;
177;3.52;1133;364;1133;364;14;14;0;229.92;214;-3;140;140;0;103.33;100;100;
182;3.62;1147;364;1147;364;15.03;15;1;244.95;229;-2;150.33;150;10;0;0;-200;
187;3.72;1162;365;1162;365;15.03;15;-1;259.99;244;-3;150.33;150;-10;-3.33;0;100;
192;3.82;1177;364;1177;364;15;15;0;274.99;259;-3;150;150;0;-100;-100;0;
197;3.92;1192;364;1192;364;14;14;0;288.99;273;-3;140;140;0;100;100;0;
202;4.02;1206;364;1206;364;15;15;0;303.99;288;-3;150;150;0;-100;-100;0;
207;4.12;1221;364;1221;364;14;14;0;317.99;302;-3;140;140;0;100;100;0;
212;4.22;1235;364;1235;364;15;15;0;332.99;317;-3;150;150;0;-96.43;-100;-100;
217;4.32;1250;364;1250;364;14.04;14;-1;347.02;331;-4;140.36;140;-10;96.43;100;100;
222;4.42;1264;363;1264;363;15;15;0;362.02;346;-4;150;150;0;0;0;0;
227;4.52;1279;363;1279;363;15;15;0;377.02;361;-4;150;150;0;-200;-200;0;
232;4.62;1294;363;1294;363;13;13;0;390.02;374;-4;130;130;0;200;200;0;
237;4.72;1307;363;1307;363;15;15;0;405.02;389;-4;150;150;0;3.33;0;100;
242;4.82;1322;363;1322;363;15.03;15;1;420.05;404;-3;150.33;150;10;-89.12;-100;-300;
247;4.92;1337;364;1337;364;14.14;14;-2;434.2;418;-5;141.42;140;-20;-10.65;0;300;
252;5.02;1351;362;1351;362;14.04;14;1;448.23;432;-4;140.36;140;10;99.76;100;-200;
257;5.12;1365;363;1365;363;15.03;15;-1;463.27;447;-5;150.33;150;-10;-3.33;0;100;
262;5.22;1380;362;1380;362;15;15;0;478.27;462;-5;150;150;0;-200;-200;0;
267;5.32;1395;362;1395;362;13;13;0;491.27;475;-5;130;130;0;200;200;0;
272;5.42;1408;362;1408;362;15;15;0;506.27;490;-5;150;150;0;-100;-100;0;
277;5.52;1423;362;1423;362;14;14;0;520.27;504;-5;140;140;0;103.33;100;100;
282;5.62;1437;362;1437;362;15.03;15;1;535.3;519;-4;150.33;150;10;-99.76;-100;-200;
287;5.72;1452;363;1452;363;14.04;14;-1;549.33;533;-5;140.36;140;-10;96.43;100;100;
292;5.82;1466;362;1466;362;15;15;0;564.33;548;-5;150;150;0;3.33;0;100;
297;5.92;1481;362;1481;362;15.03;15;1;579.37;563;-4;150.33;150;10;-99.76;-100;-200;
302;6.02;1496;363;1496;363;14.04;14;-1;593.4;577;-5;140.36;140;-10;96.43;100;100;
307;6.12;1510;362;1510;362;15;15;0;608.4;592;-5;150;150;0;-100;-100;0;
312;6.22;1525;362;1525;362;14;14;0;622.4;606;-5;140;140;0;3.57;0;100;
317;6.32;1539;362;1539;362;14.04;14;1;636.44;620;-4;140.36;140;10;96.43;100;-100;
322;6.42;1553;363;1553;363;15;15;0;651.44;635;-4;150;150;0;-96.43;-100;-100;
327;6.52;1568;363;1568;363;14.04;14;-1;665.47;649;-5;140.36;140;-10;-3.57;0;100;
332;6.62;1582;362;1582;362;14;14;0;679.47;663;-5;140;140;0;0;0;0;
337;6.72;1596;362;1596;362;14;14;0;693.47;677;-5;140;140;0;0;0;0;
342;6.82;1610;362;1610;362;14;14;0;707.47;691;-5;140;140;0;203.12;200;-100;
347;6.92;1624;362;1624;362;16.03;16;-1;723.51;707;-6;160.31;160;-10;-99.79;-100;200;
352;7.02;1640;361;1640;361;15.03;15;1;738.54;722;-5;150.33;150;10;-99.76;-100;-200;
357;7.12;1655;362;1655;362;14.04;14;-1;752.58;736;-6;140.36;140;-10;-99.73;-100;200;
362;7.22;1669;361;1669;361;13.04;13;1;765.61;749;-5;130.38;130;10;196.16;200;-100;
367;7.32;1682;362;1682;362;15;15;0;780.61;764;-5;150;150;0;3.33;0;-100;
372;7.42;1697;362;1697;362;15.03;15;-1;795.65;779;-6;150.33;150;-10;-52.47;-50;50;
377;7.52;1712;361;1712;361;29.02;29;-1;824.66;808;-7;145.09;145;-5;0;0;0;
387;7.72;1741;360;1741;360;0;0;0;0;0;0;0;0;0;0;0;0;
